100 5.717172
22.000000 218.000000
27.717171 218.973328
33.434341 220.256271
39.151516 221.934311
44.868687 224.092865
50.585857 226.564987
56.303032 228.456757
62.020203 230.348236
67.737373 232.538254
73.454544 235.325623
79.171715 239.009201
84.888885 243.887802
90.606064 252.602798
96.323235 264.428375
102.040405 277.647949
107.757576 290.922821
113.474747 303.495972
119.191917 324.236237
124.909088 343.036041
130.626266 349.953796
136.343430 346.498474
142.060608 338.717865
147.777771 328.237305
153.494949 316.682098
159.212128 305.677582
164.929291 290.425232
170.646469 269.446625
176.363632 248.853806
182.080811 229.306259
187.797974 210.747742
193.515152 200.270630
199.232315 197.785233
204.949493 195.728867
210.666672 194.111115
216.383835 192.941544
222.101013 192.229721
227.818176 191.985245
233.535355 192.217682
239.252518 192.936600
244.969696 194.151596
250.686859 196.772781
256.404053 202.075653
262.121216 209.153473
267.838379 217.632507
273.555542 227.138992
279.272736 243.594528
284.989899 290.705536
290.707062 314.433197
296.424255 320.128571
302.141418 321.317383
307.858582 321.700104
313.575745 321.575531
319.292938 321.242493
325.010101 320.999847
330.727264 320.855591
336.444427 320.606903
342.161621 320.269409
347.878784 319.858643
353.595947 319.390259
359.313141 318.748688
365.030304 316.514771
370.747467 314.031342
376.464630 313.457062
382.181824 316.712982
387.898987 323.594482
393.616150 332.716309
399.333344 342.537445
405.050507 386.134521
410.767670 404.462982
416.484833 425.870056
422.202026 445.778625
427.919189 460.594421
433.636353 473.612457
439.353546 483.736084
445.070709 489.017059
450.787872 489.667389
456.505035 488.824097
462.222229 486.408752
467.939392 482.342926
473.656555 476.548126
479.373718 468.945953
485.090912 434.583252
490.808075 389.662567
496.525238 354.491699
502.242432 321.438690
507.959595 302.598724
513.676758 281.072205
519.393921 258.675110
525.111084 237.223328
530.828308 218.654968
536.545471 202.868912
542.262634 187.984238
547.979797 174.283203
553.696960 162.048126
559.414124 151.561234
565.131287 138.883118
570.848511 128.753143
576.565674 124.076447
582.282837 133.163010
588.000000 156.999985
