100 0.010101010600707
0.000000000000000 0.754196247773886
0.010101008833922 0.757563588716332
0.020202015901060 0.762002078609487
0.030303031802120 0.767807452332489
0.040404040636042 0.775275219889449
0.050505047703180 0.783827812258437
0.060606063604240 0.790372609669681
0.070707072438163 0.796916400332723
0.080808079505300 0.804493021241701
0.090909088339223 0.814136247117670
0.101010097173145 0.826880011824011
0.111111104240283 0.843758097001011
0.121212127208481 0.873908634994426
0.131313136042403 0.914820588210762
0.141414143109541 0.960555235495024
0.151515151943463 1.006481192614651
0.161616160777385 1.049979464664625
0.171717167844523 1.121732813475800
0.181818176678445 1.186772912722059
0.191919197879859 1.210705687327651
0.202020194346290 1.198751600688887
0.212121215547703 1.171833682738448
0.222222210247350 1.135574971607397
0.232323231448763 1.095598394719092
0.242424254416961 1.057526997123827
0.252525249116608 1.004759725840643
0.262626270318021 0.932181805276777
0.272727265017668 0.860938562979131
0.282828287985866 0.793311560224160
0.292929282685512 0.729106221299169
0.303030303886926 0.692859438923450
0.313131298586572 0.684260920154513
0.323232319787986 0.677146683818504
0.333333342756184 0.671549883413786
0.343434337455830 0.667503617084863
0.353535358657244 0.665040982976243
0.363636353356890 0.664195189940138
0.373737376325088 0.664999332661440
0.383838371024735 0.667486512744271
0.393939392226148 0.671689932121612
0.404040386925795 0.680758225202902
0.414141436395760 0.699104125041549
0.424242431095406 0.723590663052646
0.434343425795053 0.752924863179009
0.444444420494700 0.785813649034599
0.454545469964664 0.842743481632343
0.464646464664311 1.005729469992185
0.474747459363958 1.087818061252051
0.484848507067138 1.107521867217505
0.494949501766784 1.111634700014333
0.505050498233216 1.112958767638848
0.515151492932862 1.112527792917867
0.525252540636042 1.111375609385912
0.535353535335689 1.110536147446750
0.545454530035336 1.110037077107672
0.555555524734982 1.109176712169753
0.565656574204947 1.108009112589725
0.575757568904594 1.106588020039664
0.585858563604240 1.104967591345549
0.595959613074205 1.102748002167197
0.606060607773852 1.095019507583535
0.616161602473498 1.086427797338522
0.626262597173145 1.084441009168011
0.636363646643110 1.095705241493937
0.646464641342756 1.119512587728139
0.656565636042403 1.151070604683380
0.666666685512368 1.185047962114925
0.676767680212014 1.335877095753058
0.686868674911661 1.399286529302003
0.696969669611307 1.473346781075480
0.707070717314488 1.542222781251386
0.717171712014134 1.593479743411860
0.727272708480565 1.638517146643903
0.737373756183746 1.673541006723088
0.747474750883392 1.691811151354224
0.757575745583039 1.694061043307503
0.767676740282686 1.691143576967238
0.777777789752650 1.682787411205406
0.787878784452297 1.668721215272830
0.797979779151944 1.648673433545307
0.808080773851590 1.622372835602518
0.818181823321555 1.503491091760427
0.828282818021201 1.348082779492387
0.838383812720848 1.226405088315549
0.848484862190813 1.112054375630061
0.858585856890459 1.046875331293420
0.868686851590106 0.972401845708864
0.878787846289753 0.894916501626134
0.888888840989399 0.820701577348779
0.898989943462898 0.756462185425317
0.909090938162544 0.701848496423718
0.919191932862191 0.650353242845106
0.929292927561837 0.602952925470708
0.939393922261484 0.560624259577935
0.949494918727915 0.524343642159541
0.959595913427562 0.480482231535495
0.969697015901060 0.445436409815113
0.979798010600707 0.429256838369337
0.989899005300353 0.460692855432461
1.000000000000000 0.543159631135580
