1000
0.468086315122491
0.794792002423492
0.652430658934463
0.528531011201267
0.725146068165486
0.687943866614660
0.868039924076584
0.105202252183517
0.357487989684159
0.887095243313524
0.114654623503156
0.199428979023651
0.994978579692543
0.599120609367674
0.687574829345976
0.445233242855466
0.766476698750921
0.204217081343813
0.610062676445523
0.896885039299377
0.799433645246609
0.843763137112546
0.522819345023890
0.244259855353448
0.757660879353352
0.447227158183523
0.226770425600989
0.201055423298385
0.737684058847663
0.725033649687248
0.584766702893830
0.561497623428295
0.597595995488518
0.148258842767973
0.029275391680130
0.715231959045923
0.243446102394955
0.625421000579081
0.471466092749324
0.603815478716569
0.066085753984225
0.700951977058139
0.143844295969757
0.466541735149804
0.642074102339393
0.650845225878584
0.248052385977644
0.600785670045298
0.828438575066684
0.860745340563881
0.794570756326721
0.299005300090357
0.101529046682117
0.513133336397004
0.669706323060382
0.900750467619218
0.837019654987671
0.569016637782624
0.350192809004511
0.408416477694118
0.882012277455942
0.569898430207104
0.113186302340182
0.082343888359901
0.564030788758828
0.140456643239304
0.867665686171676
0.805904672721226
0.857931747515977
0.234887486563821
0.196892861749802
0.771822239265020
0.631429432170989
0.739577960026509
0.014960906199121
0.495385712893039
0.555690389512165
0.528421147580957
0.187204948881117
0.448704437912966
0.830313181439124
0.219836739233870
0.612021114931849
0.704822877516563
0.733860100110178
0.176060937730654
0.493491101493419
0.558717418774904
0.233681597463146
0.813944786299544
0.285666703050083
0.560121183771116
0.629748432802444
0.825188024733507
0.466032641321362
0.227919656972517
0.257033055786451
0.201666012959322
0.453886776849686
0.830059856751177
0.147024399710062
0.720432277470536
0.190905830277188
0.257064444165735
0.764636721149145
0.760291617240000
0.122476780648867
0.604873248892545
0.159252235993335
0.154629465199832
0.734575958565983
0.317994052900758
0.790836863867298
0.227974499437551
0.622833003573760
0.940774908805906
0.516699375140888
0.149363898170122
0.755516896395420
0.550793832800991
0.225816293539538
0.348405941396777
0.654702702020586
0.325824356674275
0.861934448934335
0.301567592432548
0.203399180878478
0.984235047224502
0.824512708910333
0.254268061260518
0.881488011502370
0.589960556746519
0.855482270184439
0.164980266556086
0.232118624546274
0.705461540674150
0.690143357940542
0.898040139720251
0.132354438079346
0.793944210854534
0.631121465405158
0.658493232134788
0.109393294653273
0.922865029417153
0.832973784323258
0.666828618566797
0.080562368770188
0.786114670008828
0.688830991675786
0.574584609785234
0.465098922017205
0.783378621046722
0.524905952923291
0.373193888495734
0.272788116279116
0.205344140740635
0.806167157723394
0.303941047903209
0.115902134581120
0.742429718891799
0.687574829345976
0.744332077905710
0.525867072930851
0.382221148225653
0.913286582996079
0.733492578023288
0.080486480852414
0.118239973300660
0.469903763463662
0.947857049402955
0.196057328350435
0.096011128080136
0.619121909629030
0.922431905433768
0.420224731853523
0.421035876504902
0.483445548343298
0.679561378994549
0.690742793791287
0.636399514078221
0.372138256861945
0.575411872465338
0.059263056071359
0.647245610933169
0.743009897305456
0.827177737468446
0.618897075029963
0.469991055557330
0.870690385992930
0.506441586672736
0.702411491707608
0.052674028316687
0.999999999992724
0.687400918519415
0.329941201234760
0.628008352905454
0.667494028188230
0.677340176116559
0.413434777576185
0.788912054842513
0.421248965554696
0.117674959707074
0.810665321543638
0.891381139022997
0.543974689651805
0.283520574150316
0.595132099369948
0.745345083727443
0.876870219821285
0.000816585255961
0.411593592820282
0.556901086616563
0.189388180522656
0.394076183285506
0.341088060093170
0.360472773310903
0.895544665676425
0.507922399738163
0.295498490238970
0.907535875703616
0.437364515491936
0.417777779723110
0.428150050749537
0.786516481901344
0.577618346709642
0.541995454732387
0.185267714965448
0.390847407834372
0.856400143362407
0.141411927041190
0.688982044441218
0.477223802161461
0.030428430087341
0.082495334434498
0.090070834594371
0.788912054842513
0.441056293806469
0.682806500488368
0.588412894860085
0.670176225881733
0.088944445269590
0.999999999992724
0.647816366144980
0.574033149656316
0.561800466675777
0.250351383663656
0.713763943036611
0.720318389176100
0.183117867338296
0.095453030175122
0.595270449055533
0.674478954766528
0.087214412815229
0.698435987978883
0.599203816607769
0.219170610573201
0.882926538535685
0.301087323787215
0.201309790958476
0.549638730146398
0.537762676285638
0.495303358089586
0.473265507163887
0.754922235319100
0.052207566324796
0.205369788796816
0.219170610573201
0.829967883029894
0.898561571484606
0.241684179745789
0.175102786604839
0.799897640223207
0.697156670248660
0.498624368170567
0.229018546247971
0.463850589840149
0.367317373027618
0.541418210726988
0.648359101789538
0.743136763143411
0.663414445174567
0.378650495345937
0.867230402749556
0.004413697402924
0.593444540187193
0.019173688022420
0.531717448910058
0.709984793771582
0.157809803051350
0.662242832862830
0.843867926196253
0.702168907802843
0.688614996492106
0.824382578190125
0.978904777162825
0.986354495849810
0.233066570384835
0.314816792983038
0.000573877579882
0.119085434278531
0.602814100180694
0.222112064664543
0.139304567703221
0.513078479008982
0.703036940678430
0.678385646991956
0.506907759488968
0.701784271783254
0.299005300090357
0.450166683149291
0.425268491162569
0.735345690663962
0.718624801571423
0.342366881341150
0.438402458712517
0.507346517995757
0.931066391902277
0.134631646105845
0.351659830390417
0.941435369597457
0.190577389679675
0.638400397503574
0.250171265703102
0.332163750201289
0.466122631791222
0.756561945607245
0.710102371936955
0.611573208057962
0.577287328334933
0.742139493951981
0.686397947509249
0.231035211581911
0.216757545982546
0.772599921903748
0.059263056071359
0.816263763983443
0.237825135191088
0.536416050315893
0.876401452514983
0.689542065323622
0.701865303424711
0.309205418416241
0.225191038080084
0.240908147512528
0.887719108679448
0.674525830909261
0.300564739634865
0.087741317351174
0.213786055966921
0.702148680466053
0.179296521040669
0.119261262610962
0.262543415352411
0.801812907557178
0.614880209912371
0.644680715871800
0.412252174792229
0.516918859219004
0.692169722060498
0.179583081197052
0.082911671161128
0.476860595568724
0.721398879766639
0.761427163328335
0.623114248781349
0.217048272847023
0.541473185709037
0.726100232284807
0.655846741246933
0.411813246108068
0.733419039745058
0.503562309815607
0.515821488275833
0.613449864125869
0.286496163804259
0.127283963425725
0.051507536372810
0.517193221246998
0.480121020293154
0.784946526902786
0.738504010536417
0.511597373166296
0.953682400628168
0.397430170320149
0.742157635664626
0.573702292145754
0.668582559366769
0.590928087542125
0.786443415192480
0.397656251465378
0.991087635338772
0.769888360911864
0.155137600020680
0.747151292984199
0.169791622123739
0.063546149460308
0.967198095728236
0.738540435988398
0.814910986642644
0.887241726239154
0.273285570059670
0.219596772665682
0.293306076324370
0.861308901075972
0.260208790969045
0.659072748567269
0.632800107188814
0.540813494815666
0.818788514727203
0.531689976378402
0.914865621489298
0.402702772560588
0.728781696721853
0.246691684347752
0.707050307995814
0.326727965228201
0.163982337886409
0.381992401395109
0.629411885362060
0.844288154585229
0.721928466322424
0.812693362262507
0.723230225012230
0.723267887624388
0.169184525846504
0.712113820023660
0.435678053174342
0.182270762059488
0.494617039003060
0.699318856270111
0.568217598709452
0.760543941803917
0.766909718680836
0.545129323865694
0.521666411244951
0.740178101688798
0.365388239668391
0.827088359248592
0.114404468229623
0.765538598738203
0.472924652254733
0.848014146533387
0.560726792878995
0.198515247822797
0.918875096795091
0.808082870011276
0.053761742041388
0.789516519078461
0.165745618964138
0.571882824420754
0.988910859581665
0.232592214284523
0.675109671203245
0.487771856052859
0.701398964818509
0.536855756050500
0.721171676523227
0.735803279814718
0.193075252485869
0.925936731182446
0.593029653500707
0.399823181753163
0.722419532750791
0.715386085539649
0.857005292527901
0.208820057530829
0.595851559366565
0.378192378491804
0.658335012747557
0.787649585625331
0.690742793791287
0.706118265232362
0.806842625890567
0.548401233791083
0.057290095006465
0.611153437443136
0.892332641720714
0.152011754216801
0.771243691044219
0.038228238605370
0.621370759537967
0.791387622048205
0.811395749107760
0.806805080712365
0.816203785179823
0.593112628092058
0.721625940343074
0.888531619544665
0.590817503172730
0.828234756809252
0.749874753375479
0.140711807573098
0.657304807442415
0.163121662139019
0.631457424336986
0.551261403474200
0.618194525879517
0.810761204927985
0.213864593701146
0.893252915448102
0.716462848075025
0.870754177733033
0.024932635576988
0.184526542965614
0.551481442533259
0.580984602500394
0.972255502201733
0.583358525145741
0.767920216567290
0.923735475793364
0.563067005685298
0.434587410891254
0.477837923557672
0.584711474810319
0.573150893855200
0.829257672121457
0.314593434515700
0.731004386230779
0.565517958450073
0.218558996850334
0.610146548220655
0.713143751207099
0.721209553645167
0.058644431970606
0.643063567062200
0.499584748547932
0.226934314989194
0.247104819813103
0.789809749425331
0.567611485224916
0.567335994521272
0.613169591561018
0.785548708765418
0.743843270851357
0.819238900621713
0.551756496592134
0.803304524968553
0.793796856720292
0.165434275062580
0.860036704783852
0.260885440700804
0.278965376921406
0.738212555334030
0.592891365544347
0.786187716708810
0.535893910935556
0.771749911764346
0.227645604907593
0.557534011815733
0.553461961397261
0.728670288626745
0.702895864284073
0.793189295647608
0.250832515659567
0.052557429655280
0.937623303478176
0.121013734409644
0.698250747758721
0.618587942393788
0.273036602047796
0.827043703851814
0.761192826270417
0.930299782172369
0.942098674335284
0.814200434477243
0.789314982634096
0.748918959674484
0.219197229052952
0.565077291517809
0.733970301771478
0.732333034968178
0.349642879089515
0.775441889440117
0.938647931172454
0.824817070264544
0.571303991084278
0.074855791310256
0.001948877084942
0.806823853017704
0.586258016810461
0.727685044046666
0.516397592618887
0.800808061125281
0.021216111061221
0.590430477001064
0.165717341347772
0.210711036190332
0.836896954169788
0.454068527928030
0.302883483076585
0.573729863062908
0.207581060320081
0.143907105673861
0.741504310943128
0.525565010342689
0.750361620921467
0.451392558672524
0.747890896389436
0.172142533505394
0.140360877085186
0.326908767354325
0.122789011751593
0.387429690505087
0.145564890081005
0.552911787068297
0.076723291938833
0.275439778932196
0.617154917177686
0.667875418650510
0.004050203962834
0.313834400098131
0.306591077802295
0.782467986726260
0.214152728040062
0.330983931933588
0.221092844840314
0.094111635611625
0.591508695484663
0.952602144672710
0.616986350425577
0.446769513269828
0.769816101899778
0.809481965341547
0.883990362744953
0.108194227032072
0.075504069893213
0.330666484354879
0.240678621681582
0.657674980415322
0.172819707579038
0.517220657871803
0.372046456504904
0.178643561994249
0.428025448149128
0.041379058275197
0.557781689560215
0.133875392792106
0.591204559146718
0.161530744902848
0.248557640901709
0.129648905982322
0.845293174868857
0.155376346250705
0.728781696721853
0.348955622357607
0.427276539739978
0.517028603098879
0.537158058730711
0.924904940569832
0.121397862509184
0.673867254932702
0.619824576810061
0.693544204368663
0.708747491786198
0.253838141834422
0.707109706832853
0.527597199230513
0.879447909770533
0.203680165803235
0.597180471850152
0.461532446570345
0.712016479425074
0.908138797189167
0.237967131070036
0.201895078957023
0.522791892632085
0.247400445783569
0.466780596347235
0.050339919536782
0.499228048523946
0.679899342801946
0.411109910877713
0.298617364176607
0.661067261324206
0.766747332447267
0.799674880086968
0.501998939122132
0.672318751712737
0.588993212215428
0.407262624234136
0.835484132046986
0.036649231937190
0.769635465570900
0.246338252531132
0.509129050326010
0.585816120539675
0.324064242980967
0.837758946297981
0.125887000751391
0.067737517259957
0.244726342592912
0.651840288548556
0.272540133788425
0.041850796907966
0.804911976090807
0.529245146717585
0.683338993803773
0.812537759753468
0.771478706476046
0.602258080725733
0.400363942047989
0.795087088568835
0.787265672501235
0.037281120770785
0.082646753355220
0.683095094987948
0.050339919536782
0.505427004020021
0.030348943852005
0.710219905078702
0.715116314204352
0.679290626030706
0.704182387613400
0.083592507209687
0.535756507852057
0.710845990288362
0.680011879914673
0.866333234058402
0.568933974813262
0.347810578437930
0.991988853958901
0.706396297835454
0.917663815700507
0.121502509406128
0.448213704723457
0.861844912251399
0.228303779127600
0.999999999992724
0.900261055176088
0.593527521639771
0.873659383236372
0.521776208588562
0.750686181963829
0.781448893460038
0.655527832852385
0.690421897314081
0.600646841274283
0.970394794028834
0.172522073793516
0.151071886815771
0.631821249618952
0.274933845961641
0.943043296727410
0.481536337254511
0.365801662926970
0.536855756050500
0.185548564397322
0.791057123678911
0.768046554214379
0.517796844891564
0.320777127446490
0.964076746386127
0.345476174836222
0.621202064015961
0.320103066587762
0.558744941605255
0.648169237385446
0.088004647121124
0.108594234188786
0.067507172156184
0.703660633611435
0.071838017822301
0.347718995639298
0.489697942255589
0.662190669616393
0.554920035800023
0.840667601405585
0.841766337798617
0.916371942636033
0.209958856699814
0.739905358153919
0.259503616012807
0.284257743420312
0.152797113616543
0.406016061242553
0.067507172156184
0.976015134554473
0.070919528625382
0.723305546322081
0.354779695873731
0.083403441094561
0.774699337103812
0.912794157593453
0.230425913359795
0.413391042391595
0.051663133555849
0.619571606315731
0.079309530490718
0.466959445235261
0.305044175867806
0.435072773856518
0.154599540961499
0.597706822045438
0.530591121212638
0.999999999992724
0.571855259964650
0.950236384014715
0.091907218687993
0.489120259378979
0.722174082715355
0.717708079602744
0.372413651894021
0.792637350539735
0.900750467619218
0.854512580415758
0.096159873333818
0.713647751435929
0.216651892224036
0.949012687524373
0.161472587737080
0.407307068329828
0.688830991675786
0.422609113411454
0.644571253338654
0.731909007627110
0.648738530704577
0.653742148591846
0.877779544571240
0.575660068228899
0.793870530535060
0.879002997862699
0.422014817093441
0.840185723005561
0.021456200927787
0.512337915570242
0.432677195225551
0.528009167050186
0.638344933198823
0.579522010761139
0.736351812935027
0.832337709907733
0.349276320652280
0.330258459325705
0.991281936330779
0.816363790356263
0.176220130153524
0.930708127358230
0.883492708708218
0.754832131096919
0.772853184906126
0.751335262444627
0.628626156139944
0.770611091669707
0.074359782862302
0.198997392442834
0.633414888448897
0.722249623504467
0.003969419725763
0.712327861481754
0.648630163195776
0.320237841071503
0.638649905369675
0.982572259243170
0.172251057701942
0.426608971443784
0.774645014629641
0.494012935167120
0.837684777237882
0.621398875962768
0.298144252643397
0.642761451024853
0.703540055204940
0.803808746299183
0.257284366984095
0.545266784269188
0.378879524687363
0.717382843686210
0.621511343088059
0.635758694646938
0.607521165504295
0.248141454321740
0.020455539743125
0.872650941113534
0.764059592358535
0.081813613003760
0.624126850285393
0.714711219225137
0.550161263898190
0.891267439001240
0.648033558616589
0.443173856321664
0.909571022486489
0.506030264623405
0.924221508343180
0.062042992125498
0.570559839354246
0.499228048523946
0.776692162318795
0.709317664593982
0.705899570020847
0.641413301760622
0.999999999992724
0.202633751650865
0.191284537540923
0.769852231089317
0.315531886029930
0.134533162381558
0.998923789644323
0.631177466573718
0.712600063743594
0.599897397645691
0.798043700568087
0.730893498162914
0.454936951246054
0.296987744630314
0.681290684216947
0.711665798968170
0.991281936330779
0.730727117632341
0.113078566821059
0.435758638101106
0.785877298934793
0.670937241571664
0.488349824932811
0.869927413972619
0.365526049696200
0.227700393974374
0.421078506617050
0.678045293570904
0.696327215693600
0.609866996943310
0.873463550255110
0.229707546437567
0.923154552881897
0.908354801118548
0.566399398208887
0.123999003517383
0.584048772398091
0.208587481749419
0.214231354555523
0.198515247822797
0.762707169466012
0.320237841071503
0.703981857404870
0.712444548924395
0.702795040524506
0.747620330286736
0.680169333463709
0.579880730954756
0.871329778645304
0.746356991126959
0.202633751650865
0.806955274987558
0.407040325349953
0.578390784699877
0.930605931418540
0.117674959707074
0.799340887133440
0.271027608039731
0.672558813676005
0.479119827192335
0.340312110834930
0.621370759537967
0.412296040005458
0.587832644516311
0.159574864723254
0.223647393628198
0.999999999992724
0.117144255207677
0.355192765731772
0.853407205278927
0.690507521481777
0.610398196447932
0.824534415391099
0.877273500322190
0.047453787272389
0.598871016503836
0.866425766369503
0.474226530852320
0.752813516613969
0.832220329561096
0.733382266371336
0.854825683716626
0.653260924278584
0.122198864301026
0.244813930046803
0.360932070449053
0.102633861810318
0.741849178426492
0.486918439615692
0.656722298364912
0.295922860990686
0.143467049325409
0.876267857653147
0.450129373748496
0.232675867875514
0.048429840659082
0.301218188767962
0.868415221695614
0.999999999992724
0.927824602469627
0.324154443507723
0.629720391611045
0.667723079517600
0.204857107390126
0.792637350539735
0.220237085501140
0.856515238039719
0.648792702253559
0.527789449297416
